DECIM DSPFVS 10   DSPFVS 11  DSPFVS 12 DSPFVS 13
2    44.7500            46.0000       46.311       2.750
3    33.5000            36.5000       36.530       2.833
4    66.6250            48.0000       47.870       2.875
6    59.0833            50.1667       50.229       2.917
8    68.5625            53.2500       53.289       2.938
12   60.3750           69.5000       69.551       2.958
16   69.5313           72.2500       71.600       2.969
24   61.0208           70.1667       70.184       2.979
32   70.0156           72.7500       72.138       2.984
48   61.3438           70.5000       70.528       2.989
64   70.2578           73.0000       72.348       2.992
96   61.5052           70.6667       70.700       2.995
128  70.3789          72.5000       72.524
192  61.5859          71.3333       71.3333
256  70.4395          72.2500       72.2500
384  61.6263          71.6667       71.6667
512  70.4697          72.1250       72.1250
768  61.6465          71.8333       71.8333
1024 70.4849         72.0625       72.0625
1536 61.6566         71.9167       71.9167
2048 70.4924         72.0313       72.0313